image: 3.20.6.pgm
resolution: 0.050000
origin: [-3.983923, -4.055178, 0.000000]
negate: 0
occupied_thresh: 0.65
free_thresh: 0.196

