image: 3.6.6.pgm
resolution: 0.050000
origin: [-1.559509, -4.340987, 0.000000]
negate: 0
occupied_thresh: 0.65
free_thresh: 0.196

