image: 4.22.4.pgm
resolution: 0.050000
origin: [-0.537233, -3.943913, 0.0]
negate: 0
occupied_thresh: 0.65
free_thresh: 0.196
