image: 4.29.4.pgm
resolution: 0.050000
origin: [-4.235302, -4.626172, 0.000000]
negate: 0
occupied_thresh: 0.65
free_thresh: 0.196

