image: 4.4.7.pgm
resolution: 0.050000
origin: [-4.489020, -4.344636, 0.000000]
negate: 0
occupied_thresh: 0.65
free_thresh: 0.196

