image: 5.13.pgm
resolution: 0.050000
origin: [-4.739307, -7.255374, 0.000000]
negate: 0
occupied_thresh: 0.65
free_thresh: 0.196

