image: all.pgm
resolution: 0.050000
origin: [-5.143780, -3.637234, 0.000000]
negate: 0
occupied_thresh: 0.65
free_thresh: 0.196

