image: 20230817.pgm
resolution: 0.050000
origin: [-12.5782, -12.3553, 0.000000]
negate: 0
occupied_thresh: 0.65
free_thresh: 0.196

